255, 0, 0
254, 16, 0
254, 33, 0
254, 48, 0
254, 63, 0
253, 78, 0
252, 92, 0
251, 106, 0
249, 119, 0
247, 131, 0
244, 143, 0
241, 154, 0
236, 165, 0
232, 175, 0
226, 184, 0
219, 193, 0
212, 202, 0
203, 209, 0
194, 216, 0
183, 223, 0
171, 229, 0
158, 234, 0
143, 239, 0
127, 243, 0
110, 247, 0
91, 249, 0
71, 252, 0
49, 253, 0
25, 254, 0
0, 255, 0
0, 255, 0
0, 241, 25
0, 228, 49
0, 215, 71
0, 202, 91
0, 189, 110
1, 176, 127
1, 164, 143
2, 151, 158
4, 139, 171
5, 128, 183
7, 116, 194
9, 105, 203
12, 94, 212
15, 84, 219
19, 74, 226
23, 65, 232
28, 56, 236
33, 47, 241
39, 40, 244
45, 32, 247
52, 26, 249
60, 20, 251
69, 15, 252
78, 10, 253
89, 6, 254
100, 3, 254
112, 1, 254
125, 0, 254
138, 0, 255